296630.44
369018.75
357381.44
336415.69
332573.66
171743.19
275685.34
305567.41
330590.53
286168.03
254165.53
235076.78
328978.12
275574.78
386861.81
398706.69
290249.91
297951.94
218347.78
223621.14
230475.06
306030.00
354436.59
246246.89
306725.56
270047.69
272445.44
271163.00
179168.09
355946.47
235080.53
220675.27
275305.81
319965.88
266113.00
338669.53
376852.19
334535.72
259047.59
246541.28
230889.08
342757.81
401987.03
238026.31
230846.98
256935.33
307168.47
356779.19
220193.31
233022.06
272353.53
259816.45
336806.59
250031.72
251584.78
238605.62
206905.30
320245.62
251450.61
253393.59
263435.16
254585.08
260066.73
227227.12
207958.77
261439.55
301912.34
219266.22
329041.16
200591.95
267166.00
314798.12
248353.73
246203.56
248190.44
239718.16
236857.31
304550.66
276644.72
409038.53
373239.19
252210.97
292436.47
473364.97
367038.97
299186.12
407028.41
194367.19
253050.44
365918.31
295204.38
278753.78
298943.44
355704.81
402077.78
211656.88
363205.72
347883.78
320461.50
307997.19
245159.27
381428.75
327767.94
324151.03
313060.22
280692.66
274603.56
350636.12
309319.78
345488.16
241124.38
246667.75
380565.69
253435.00
249132.62
334315.31
288388.06
413574.69
229988.72
324074.94
278648.59
276507.00
188474.56
259996.09
285124.88
260727.98
256121.78
292533.75
245691.11
225502.80
358779.62
299490.78
330198.31
293119.69
269848.72
368062.84
320289.50
325960.53
455170.03
312813.19
298613.09
301841.69
300014.91
311191.34
266650.59
322098.56
372601.44
318140.12
265145.34
347724.88
349824.84
327427.75
283355.19
243631.44
308419.25
356692.56
255127.95
269487.41
311371.75
314808.69
267474.97
249528.17
257033.34
227092.72
299138.03
339906.88
213944.75
323762.69
283265.12
275488.44
214912.06
250529.56
171712.55
287327.19
367098.34
390568.62
290424.69
296764.47
234491.14
297585.12
390444.00
267408.88
311823.75
283565.78
277202.00
289325.81
217693.11
293255.09
270443.00
307779.75
232058.73
339196.97
254270.92
351461.41
322817.66
234496.12
339615.28
347509.31
306819.69
333325.75
