266423.62
345001.69
272771.53
276024.50
265763.03
225555.25
225657.02
204252.34
294364.28
252053.78
228829.39
302648.75
334635.94
293546.25
263844.88
243562.75
210739.53
391582.69
250324.22
323972.09
257364.72
199726.05
218120.75
273375.06
254165.30
325961.44
288289.91
288265.75
263885.62
188969.91
322000.62
178467.59
190181.22
364644.22
229038.72
349175.84
226924.23
213857.66
266107.41
278379.88
367435.62
205883.08
288496.38
258730.88
212650.84
257009.75
286610.62
226739.67
299345.00
406088.28
333621.16
302840.38
271968.88
287061.25
255772.39
282944.34
258632.94
289216.72
376733.44
238432.53
278848.59
324224.66
340351.44
283171.59
231718.70
306096.22
274420.62
275324.94
255950.28
274592.56
234151.08
309052.88
264043.59
332592.25
224745.91
390540.84
307406.69
349566.19
274433.19
242048.72
337689.59
262494.34
266050.22
207573.66
276705.16
397386.53
292189.28
251822.66
341116.44
304003.59
189096.75
410323.22
242238.16
298560.88
247603.58
294521.50
240881.34
222966.56
311860.38
281775.78
344626.25
314891.97
300479.34
271581.19
272994.75
224813.73
281258.44
198388.17
290647.69
312426.38
293911.38
239557.89
207586.53
235483.38
384045.84
356777.78
304056.81
288751.22
406165.03
273259.56
408912.50
305678.19
222522.09
184106.47
219335.16
248736.39
227543.17
295604.06
325607.97
225507.95
202099.16
397273.66
344862.38
458545.00
370011.06
236514.94
313821.97
280087.47
231841.14
246075.95
250778.11
406495.38
241345.84
216161.64
328410.44
231063.12
355374.97
340171.25
334432.34
358638.09
445411.75
342370.47
203292.36
225189.09
264866.44
271830.16
257734.17
305833.25
319235.91
295348.91
416604.69
370756.19
373728.84
254221.53
236217.55
325502.06
267326.53
337685.62
379769.47
215103.66
258583.14
306196.88
228027.28
311099.06
243189.69
263609.03
282832.75
243173.69
414090.81
289600.50
300004.91
291119.47
356230.38
261508.27
304060.06
215626.41
211901.23
229983.14
277422.88
259403.33
326494.69
254244.22
166299.38
349129.31
269768.19
331855.59
298907.00
282216.09
319091.03
416203.91
